{
    "RTT_MIN": 2.801,
    "RTT_AVG": 2.921333333333333,
    "RTT_MAX": 3.1833333333333336,
    "RTT_MDEV": 0.15533333333333332,
    "JITTER": 0.916,
    "THROUGHPUT": 11.026666666666666,
    "PDR": 100.0
}