{
    "RTT_MIN": 7.754666666666665,
    "RTT_AVG": 8.302333333333333,
    "RTT_MAX": 9.342,
    "RTT_MDEV": 1.0496666666666667,
    "JITTER": 0.30233333333333334,
    "THROUGHPUT": 8.83333333333333,
    "PDR": 100.0
}
