{
    "RTT_MIN": 2.3200000000000003,
    "RTT_AVG": 2.7433333333333336,
    "RTT_MAX": 3.905,
    "RTT_MDEV": 0.6709999999999999,
    "JITTER": 4.332333333333334,
    "THROUGHPUT": 26.700000000000003,
    "PDR": 100.0
}