{
    "RTT_MIN": 6.8776666666666666,
    "RTT_AVG": 7.1786666666666665,
    "RTT_MAX": 7.505333333333333,
    "RTT_MDEV": 0.62799999999999998,
    "JITTER": 3.9066666666666663,
    "THROUGHPUT": 5.243333333333333,
    "PDR": 100.0
}
