{
    "RTT_MIN": 3.872,
    "RTT_AVG": 4.107666666666667,
    "RTT_MAX": 4.509333333333333,
    "RTT_MDEV": 0.25,
    "JITTER": 6.372999999999998,
    "THROUGHPUT": 9.020000000000001,
    "PDR": 100.0
}
