{
    "RTT_MIN": 8.16,
    "RTT_AVG": 9.87233333333333,
    "RTT_MAX": 19.89533333333333,
    "RTT_MDEV": 5.185000000000002,
    "JITTER": 6.844,
    "THROUGHPUT": 0.28406,
    "PDR": 96.33333333333333
}
