{
    "RTT_MIN": 10.1144,
    "RTT_AVG": 13.925,
    "RTT_MAX": 20.4483333333,
    "RTT_MDEV": 5.164,
    "JITTER": 58.475666666666665,
    "THROUGHPUT": 0.008456666666666667,
    "PDR": 78.0
}
