{
    "RTT_MIN": 2.2506666666666666,
    "RTT_AVG": 3.275666666666666,
    "RTT_MAX": 5.3116666666666665,
    "RTT_MDEV": 1.2699999999999998,
    "JITTER": 0.20099999999999998,
    "THROUGHPUT": 51.9,
    "PDR": 100.0
}