{
    "RTT_MIN": 9.114666666666667,
    "RTT_AVG": 10.905,
    "RTT_MAX": 17.048333333333333,
    "RTT_MDEV": 2.164,
    "JITTER": 28.475666666666665,
    "THROUGHPUT": 0.02456666666666667,
    "PDR": 90.0
}
