{
    "RTT_MIN": 5.010333333333333,
    "RTT_AVG": 5.392,
    "RTT_MAX": 5.7680000000000002,
    "RTT_MDEV": 0.5146666666666667,
    "JITTER": 2.2416666666666667,
    "THROUGHPUT": 9.653333333333334,
    "PDR": 100.0
}
