{
    "RTT_MIN": 2.3663333333333334,
    "RTT_AVG": 8.394666666666667,
    "RTT_MAX": 15.177,
    "RTT_MDEV": 3.557666666666667,
    "JITTER": 17.737,
    "THROUGHPUT": 0.09748,
    "PDR": 90.0
}
