{
    "RTT_MIN": 2.8876,
    "RTT_AVG": 7.793000000000001,
    "RTT_MAX": 15.380600000000001,
    "RTT_MDEV": 4.85,
    "JITTER": 3.6114000000000006,
    "THROUGHPUT": 2.996,
    "PDR": 100.0
}