{
    "RTT_MIN": 2.084,
    "RTT_AVG": 3.9288,
    "RTT_MAX": 5.7456000000000005,
    "RTT_MDEV": 1.5358,
    "JITTER": 0.9668000000000001,
    "THROUGHPUT": 16.458,
    "PDR": 99.6
}