{
    "RTT_MIN": 1.9916,
    "RTT_AVG": 2.7436,
    "RTT_MAX": 4.2482,
    "RTT_MDEV": 0.9002000000000001,
    "JITTER": 0.26880000000000004,
    "THROUGHPUT": 46.699999999999996,
    "PDR": 100.0
}