{
    "RTT_MIN": 1.9304000000000001,
    "RTT_AVG": 2.0972,
    "RTT_MAX": 2.2592,
    "RTT_MDEV": 0.1292,
    "JITTER": 0.16260000000000002,
    "THROUGHPUT": 58.239999999999995,
    "PDR": 100.0
}